39 37 77 24 57 13 55 23 82 21 30 25 32 50 81 65 20 44 21 82 
1 41 92 13 28 56 53 55 30 21 65 8 5 20 94 77 31 7 99 36 
47 93 77 69 34 5 65 47 85 28 6 29 12 2 67 34 94 69 32 39 
14 7 53 3 21 21 64 4 76 5 37 52 9 34 38 22 89 48 92 2 
1 89 7 54 25 38 100 91 76 27 41 76 62 42 85 33 14 73 86 38 
48 38 63 9 26 63 42 25 41 82 18 48 38 34 44 59 29 10 39 77 
90 37 17 22 3 8 80 89 6 80 33 83 34 63 7 53 7 8 59 80 
65 29 63 84 93 37 81 11 48 34 18 98 40 80 3 96 1 2 90 42 
31 57 91 36 96 91 85 18 84 74 79 92 79 5 44 58 46 78 95 42 
78 53 75 44 50 80 23 88 20 87 96 86 14 57 26 63 96 27 47 82 
4 1 62 30 97 47 69 66 97 87 5 84 83 32 38 22 59 100 81 49 
63 81 100 56 98 40 46 62 99 31 35 11 5 40 50 60 44 87 40 87 
34 89 76 33 62 58 29 15 33 8 90 27 3 56 41 72 81 40 5 95 
41 54 20 16 41 16 29 52 39 8 59 52 28 58 51 85 20 48 2 97 
54 85 41 43 49 45 80 6 45 36 69 92 61 5 35 57 89 93 31 36 
48 23 17 70 40 42 50 68 65 69 36 19 55 15 71 75 79 72 75 42 
27 6 82 79 69 15 75 77 45 10 62 46 97 99 38 34 51 25 41 10 
73 86 72 81 28 57 94 72 41 48 45 13 51 11 30 18 75 77 60 70 
88 79 44 45 88 61 71 52 58 2 33 4 24 15 13 99 80 44 5 14 
21 9 70 37 57 78 15 100 60 2 75 75 24 53 76 29 91 25 95 16 
48 5 49 8 1 99 23 41 73 16 5 82 73 53 95 11 9 80 80 17 
44 63 30 84 71 28 35 26 42 62 15 99 60 11 21 11 90 71 94 87 
21 20 12 50 23 61 87 52 22 96 50 25 79 87 99 2 38 3 40 64 
23 4 97 55 85 68 98 6 81 54 15 33 25 12 85 32 97 44 46 86 
97 43 24 80 24 27 18 83 53 87 27 35 8 73 7 57 68 99 67 80 
99 97 33 59 73 53 96 2 92 36 65 62 58 84 14 70 41 27 82 64 
64 63 4 99 15 10 1 90 77 1 28 20 39 39 25 94 72 47 98 70 
75 57 31 73 45 16 12 83 24 86 47 97 70 20 28 80 62 22 29 25 
60 77 98 80 35 73 29 80 52 69 82 6 52 24 28 62 86 51 19 71 
10 29 1 19 61 90 34 2 6 98 41 77 56 40 32 10 53 86 11 10 
23 72 56 20 61 41 33 56 96 32 14 18 98 35 89 12 7 76 67 85 
2 89 77 16 90 41 98 32 66 91 35 93 86 79 4 15 79 35 85 29 
8 20 57 45 66 81 54 10 69 22 49 54 80 37 39 57 39 73 45 93 
50 52 19 20 29 55 23 95 54 95 84 4 78 6 17 30 20 58 32 59 
63 81 83 91 6 70 93 96 1 36 32 9 81 96 85 94 23 7 52 64 
66 28 27 21 46 31 9 59 41 23 56 93 84 81 82 86 45 81 30 48 
24 69 95 96 7 36 9 9 30 48 12 90 2 3 1 36 4 38 89 42 
45 52 17 23 22 53 36 53 69 46 7 43 14 88 14 66 79 47 97 64 
60 98 98 41 52 12 26 17 68 44 66 29 84 80 3 44 15 6 15 14 
86 36 71 60 93 15 18 99 18 58 87 14 14 84 18 49 74 34 82 20 
1 9 51 30 14 31 30 2 20 88 2 79 40 44 98 92 39 11 10 7 
80 57 74 29 44 43 60 46 97 9 10 77 92 32 40 91 26 23 43 56 
53 54 18 2 42 22 28 49 46 15 75 67 93 55 83 92 22 50 89 32 
85 2 45 40 13 85 70 55 82 61 13 46 41 32 37 94 77 44 94 88 
99 1 35 89 85 52 33 3 72 54 80 68 41 65 52 9 24 18 92 30 
80 44 41 100 74 27 75 35 65 77 91 17 97 53 68 78 91 9 72 78 
73 78 53 84 3 9 21 33 36 84 66 23 88 90 54 22 86 83 54 68 
62 43 75 60 66 32 22 47 80 42 8 81 22 87 9 9 77 3 74 42 
83 78 33 76 12 47 76 36 38 83 16 75 28 23 63 58 80 2 23 98 
25 58 14 92 39 20 91 68 76 70 27 49 15 70 75 28 91 16 91 46 
6 20 76 95 90 20 34 93 100 70 49 5 67 22 53 8 60 23 56 87 
80 31 54 51 37 68 23 51 68 57 80 73 22 93 95 73 17 62 96 7 
42 81 48 70 53 21 85 39 77 45 66 60 72 22 29 58 9 25 50 14 
60 53 14 51 1 75 11 47 41 71 18 50 74 58 50 99 66 68 67 46 
65 16 3 74 74 42 16 64 74 97 74 87 15 13 66 33 17 14 10 26 
2 85 63 24 83 26 97 27 21 67 14 6 89 36 90 20 8 12 9 44 
98 15 26 3 21 100 62 20 24 29 20 14 76 40 55 44 11 24 8 85 
75 9 3 9 33 80 60 20 67 11 66 57 31 88 46 66 33 71 64 26 
99 48 48 83 7 61 15 46 52 25 12 79 20 14 8 29 33 29 60 29 
83 8 2 9 10 91 55 41 45 37 92 85 74 76 10 38 42 59 90 73 
19 81 20 36 84 88 95 56 13 7 46 31 20 62 62 91 59 81 84 26 
19 71 24 44 28 21 6 77 66 44 56 27 80 47 16 24 30 64 27 64 
80 9 54 78 13 26 21 39 90 17 41 19 56 64 38 98 35 66 41 74 
67 73 17 19 22 56 1 39 92 33 29 4 32 39 65 90 72 39 47 9 
30 68 15 14 56 38 73 93 81 36 70 23 69 4 74 77 51 79 81 77 
8 4 84 79 19 74 70 15 67 34 100 1 65 9 69 45 58 30 62 56 
43 95 21 62 31 13 18 45 93 61 14 66 19 20 4 43 74 2 6 1 
47 99 9 3 29 90 83 35 40 74 96 99 49 82 38 86 51 100 6 84 
29 89 32 67 1 3 2 63 53 46 88 65 60 81 57 15 47 100 10 11 
44 30 99 78 14 9 42 95 63 56 53 100 91 92 78 38 34 9 9 55 
99 39 40 85 89 85 25 86 26 37 49 35 87 42 87 69 8 65 65 48 
68 97 71 18 31 33 8 4 1 80 25 19 6 57 2 6 24 2 55 82 
96 73 80 30 85 80 5 28 17 42 13 43 74 64 100 46 88 25 22 26 
87 13 74 3 56 78 23 9 23 21 18 16 7 51 91 52 94 75 60 95 
18 7 80 7 56 21 41 5 87 48 33 22 84 34 13 36 50 25 94 68 
11 13 79 53 93 92 83 57 37 13 21 90 3 37 61 32 96 87 21 33 
8 25 96 86 16 91 21 64 8 60 23 61 88 15 64 3 76 56 3 33 
75 35 83 17 88 79 69 78 72 7 100 16 83 85 47 100 79 56 42 48 
37 20 59 26 53 14 60 96 65 42 40 36 72 8 2 97 72 58 58 69 
5 84 63 56 28 67 31 54 5 56 49 32 35 12 65 9 12 28 51 74 
51 58 97 82 28 24 30 96 45 6 98 62 83 43 21 7 15 16 39 67 
29 11 73 45 44 57 77 45 35 90 81 31 88 54 18 92 15 65 52 32 
77 22 1 11 98 35 18 100 67 16 75 22 56 98 11 57 65 10 83 5 
35 66 23 74 38 83 31 48 37 100 71 71 97 22 54 5 45 1 91 51 
97 26 83 69 94 85 49 62 54 72 44 31 56 40 77 27 58 44 37 35 
37 64 27 95 17 23 61 65 21 5 34 91 69 14 92 59 87 63 41 30 
83 46 36 22 82 55 37 62 88 70 51 66 96 39 17 34 36 53 34 41 
95 2 78 2 99 85 37 4 50 49 30 87 43 49 41 82 64 80 61 66 
20 44 65 23 62 37 68 2 76 43 98 19 37 4 72 47 91 23 67 20 
69 46 25 100 47 33 25 11 28 39 100 13 37 12 52 52 55 59 100 26 
7 70 56 17 87 49 70 2 100 15 73 51 94 19 25 25 63 57 63 41 
96 79 35 55 36 70 91 99 63 33 61 86 22 14 88 49 91 62 79 63 
71 90 95 77 50 55 62 61 75 26 7 41 97 72 4 90 6 15 10 42 
45 38 32 5 1 62 55 66 59 30 4 6 100 51 81 75 33 67 61 94 
55 47 22 5 99 51 14 39 16 55 14 56 62 15 16 29 7 78 23 11 
44 27 47 56 3 75 60 19 70 87 72 91 95 37 19 30 33 100 58 2 
29 69 53 85 46 95 46 81 94 99 79 2 98 17 34 19 48 14 35 18 
95 10 14 100 6 19 51 80 73 98 30 91 56 14 22 69 65 99 85 33 
64 37 80 14 45 25 57 20 58 91 58 49 78 85 92 54 53 26 48 84 
93 14 17 75 96 17 26 15 91 7 21 42 78 7 64 59 9 31 30 32 
43 38 58 82 24 51 44 31 88 93 24 100 70 72 99 96 66 47 83 29 
63 18 74 46 12 2 82 45 21 38 36 73 29 64 74 23 77 41 69 60 
15 33 35 54 84 55 89 52 74 16 88 51 27 60 89 98 98 21 27 84 
79 43 12 49 33 13 90 10 49 42 27 21 58 2 43 5 55 3 90 21 
76 71 50 15 61 51 73 34 51 37 5 80 85 61 63 78 54 41 71 13 
19 67 7 7 60 55 30 76 66 81 66 29 52 4 19 26 50 96 30 7 
45 98 67 9 12 73 50 94 50 74 88 67 77 51 92 92 18 97 51 25 
10 77 82 51 29 48 25 84 81 29 21 15 34 91 42 76 99 74 1 48 
59 83 97 39 73 23 90 37 16 99 75 71 47 34 57 46 97 75 12 57 
44 38 41 44 95 76 36 51 60 25 66 71 10 42 59 31 36 99 78 83 
58 46 13 70 5 25 43 88 22 64 63 78 97 3 74 88 92 58 68 71 
9 6 27 81 51 35 85 42 58 54 55 17 100 94 57 6 52 41 84 100 
29 36 78 45 6 59 69 65 40 45 66 73 63 56 27 73 14 19 59 68 
2 21 49 78 18 2 8 67 88 67 21 18 29 50 97 24 1 34 37 2 
45 88 75 91 78 35 71 59 87 58 81 73 74 87 17 88 7 78 12 69 
88 42 89 98 52 43 77 41 50 81 46 46 25 76 10 59 42 1 90 35 
41 59 28 89 72 1 46 50 16 31 64 96 93 67 85 76 48 23 49 62 
27 40 65 23 25 77 71 76 51 59 12 45 73 99 19 40 41 67 80 16 
17 81 97 96 47 98 32 36 86 73 21 14 74 78 53 12 41 26 67 5 
100 16 57 49 60 65 23 91 21 44 96 86 62 19 61 17 2 78 82 46 
90 82 17 20 69 52 98 69 52 71 17 48 90 58 10 56 67 18 14 32 
27 52 60 76 26 78 15 39 6 80 83 22 68 13 70 10 26 73 84 70 
96 65 53 64 57 37 14 20 49 58 50 20 9 100 7 54 7 65 63 75 
82 31 12 97 16 7 91 75 98 82 24 39 27 68 19 49 9 58 77 18 
77 60 31 84 53 88 94 100 83 29 22 67 87 84 36 17 49 7 69 35 
4 7 57 80 18 83 36 31 86 21 32 71 10 41 67 42 80 39 75 10 
91 90 51 97 17 78 23 48 36 66 39 82 70 99 84 81 33 83 71 2 
35 9 10 49 93 88 16 52 18 34 65 64 51 43 22 35 100 82 66 64 
33 11 45 4 22 34 67 15 84 51 69 54 5 3 100 74 58 65 14 100 
95 12 8 90 2 93 52 27 40 52 84 99 80 75 79 53 25 81 33 64 
38 44 49 47 16 70 20 80 89 78 71 8 42 2 9 33 42 15 36 11 
4 35 29 91 73 66 10 17 79 96 63 33 17 26 15 1 88 39 84 85 
57 37 13 59 97 24 67 51 81 26 46 61 33 35 10 70 59 99 49 13 
20 94 75 71 27 100 43 41 13 57 35 24 88 26 75 72 62 53 10 18 
20 17 35 48 72 18 66 7 39 63 57 59 87 48 8 76 61 78 26 53 
86 65 42 76 92 74 38 65 46 57 95 92 79 89 97 76 98 97 65 62 
1 21 100 4 94 54 66 98 99 13 31 58 73 63 68 11 66 45 61 85 
61 62 37 15 66 13 75 49 62 87 36 38 17 10 96 97 15 31 81 68 
8 97 70 9 72 38 41 72 25 14 80 48 86 49 84 37 4 2 18 67 
51 86 1 93 83 73 37 52 35 91 46 65 74 97 36 56 24 3 14 23 
43 61 44 34 75 25 41 100 42 76 92 98 52 86 47 30 79 95 57 83 
6 67 49 51 3 22 64 17 33 61 69 44 43 44 11 55 46 20 11 23 
44 98 4 10 58 68 83 1 68 4 74 100 51 19 4 37 52 52 2 6 
78 73 85 59 64 88 87 91 56 86 90 6 30 1 43 35 97 40 55 74 
7 63 16 49 28 30 57 83 69 42 75 41 5 54 63 80 7 100 88 51 
33 36 71 69 4 96 3 69 69 29 94 34 100 80 53 73 31 5 79 97 
17 88 86 1 32 17 41 32 52 54 9 9 72 37 36 44 26 64 30 77 
74 23 68 15 7 37 67 80 93 75 3 71 50 27 19 66 44 57 78 21 
34 34 86 78 75 51 4 79 39 96 44 53 51 68 34 30 7 51 21 46 
14 29 60 45 38 71 98 80 65 31 62 72 11 1 71 95 44 91 48 74 
76 89 75 26 73 29 79 44 66 89 56 11 34 10 2 75 6 35 64 55 
86 55 14 90 57 19 93 2 84 100 6 41 21 82 5 57 20 1 51 71 
34 17 19 47 24 55 17 97 98 80 64 67 5 64 45 61 1 95 91 37 
71 7 9 76 46 88 86 4 4 66 27 41 84 11 74 58 97 24 18 67 
78 37 27 24 52 55 95 91 91 74 49 2 53 35 17 92 39 59 84 93 
77 96 78 96 76 56 29 16 66 100 76 54 97 79 92 2 64 11 33 30 
63 11 32 71 41 30 87 47 79 54 13 79 90 24 4 30 17 44 1 89 
48 24 63 40 93 54 75 5 81 9 90 80 36 67 79 11 57 92 34 18 
63 42 61 54 37 70 66 53 9 6 89 45 30 27 8 63 56 17 40 41 
75 16 22 59 52 45 10 21 55 18 2 98 7 62 62 37 76 13 19 23 
34 46 97 20 35 66 70 69 27 60 92 47 57 89 18 65 73 54 21 3 
92 92 64 25 83 31 98 18 68 22 79 79 97 46 50 47 22 52 1 92 
6 20 18 93 12 44 57 13 44 10 89 24 31 53 55 57 79 5 56 48 
48 24 27 13 54 24 75 88 88 22 18 78 40 9 78 48 89 84 83 67 
1 36 33 80 2 34 35 33 71 47 41 47 86 4 2 93 17 76 49 77 
33 72 96 25 99 6 17 13 73 6 100 7 95 65 86 35 71 58 29 4 
22 93 32 99 20 34 4 75 13 35 26 8 57 85 71 76 73 40 86 91 
59 97 73 93 68 68 23 53 12 38 56 76 81 56 21 52 91 81 65 95 
96 44 4 79 68 70 12 59 3 39 81 77 6 66 29 37 46 58 32 26 
63 45 28 68 84 52 76 90 47 33 74 5 100 20 62 49 5 26 78 85 
53 42 79 5 9 48 25 31 74 86 45 19 100 40 53 12 19 76 82 94 
100 3 86 5 14 19 53 45 81 42 25 12 2 29 67 6 69 36 7 51 
20 81 75 86 5 43 68 60 61 93 62 10 38 31 46 11 82 4 12 93 
12 33 1 83 88 53 77 76 90 9 57 22 36 10 41 56 61 93 4 44 
40 42 88 51 80 40 64 24 99 48 47 84 82 4 55 18 65 10 17 42 
12 44 47 14 93 14 79 18 51 27 86 44 2 72 77 94 51 51 42 22 
46 94 51 42 11 82 90 26 6 31 12 66 43 69 76 52 84 77 34 30 
36 32 69 56 48 39 88 49 79 39 48 70 60 63 22 23 59 20 75 93 
7 93 25 75 94 39 8 41 53 86 61 78 4 25 33 96 2 70 25 94 
28 37 72 13 63 15 75 47 17 62 72 88 16 11 69 93 51 99 99 31 
100 6 96 52 87 9 22 57 67 34 41 35 66 69 4 45 28 49 31 2 
50 7 7 67 64 42 99 45 64 16 70 60 77 40 52 38 48 81 9 81 
73 42 95 14 60 14 28 44 50 5 28 8 26 80 64 63 9 18 15 21 
21 51 31 79 52 1 52 87 24 92 25 29 34 78 95 70 88 45 50 69 
79 68 9 50 13 60 57 26 21 74 29 42 48 19 61 55 52 72 100 50 
52 56 66 10 15 68 58 7 24 89 80 60 13 58 2 10 86 24 28 58 
29 22 34 64 40 97 93 70 54 82 9 13 74 2 21 47 4 74 47 96 
81 67 17 8 9 38 44 5 87 63 81 69 45 15 61 8 60 81 93 55 
54 95 69 23 34 92 73 11 41 4 2 7 42 22 22 19 71 13 46 52 
30 34 46 29 68 13 58 56 77 58 20 58 4 86 55 96 82 74 2 28 
49 71 75 43 61 87 54 16 95 59 68 29 96 13 85 13 52 15 50 98 
63 45 63 75 40 36 44 76 64 19 81 33 45 63 31 36 24 21 29 67 
92 95 83 86 37 35 50 52 35 30 40 12 90 73 69 18 53 100 98 79 
5 92 13 77 25 39 9 55 61 37 95 92 31 45 38 66 76 24 23 56 
78 38 8 52 1 7 82 79 84 39 20 50 62 13 26 66 77 35 66 30 
30 11 25 95 65 78 25 12 7 66 50 20 25 94 79 97 46 62 6 70 
97 92 95 95 24 61 44 15 37 61 64 26 63 70 22 24 32 30 53 38 
88 62 2 16 7 94 92 62 71 15 10 15 76 68 13 95 58 68 56 60 
65 99 14 39 30 35 83 48 24 52 69 83 52 15 80 72 78 43 59 93 
33 30 21 55 89 51 84 22 30 63 9 13 72 73 1 34 69 49 34 13 
23 97 1 55 35 43 10 92 40 85 76 1 52 30 28 80 23 32 24 53 
10 62 44 74 91 80 59 69 54 49 62 84 91 92 21 30 72 90 19 100 
86 35 80 98 23 63 49 95 24 11 91 58 68 4 32 91 70 91 99 74 
95 26 48 42 81 42 50 12 73 61 88 100 28 22 22 92 40 66 30 89 
50 61 63 11 17 54 5 57 17 19 9 39 72 97 70 49 33 22 79 5 
80 16 99 13 62 41 95 27 69 67 79 64 86 62 56 14 64 67 55 18 
20 84 22 90 39 1 31 15 71 49 53 81 10 2 23 73 39 1 38 43 
47 85 62 6 63 33 32 73 63 56 7 35 90 45 85 49 15 4 63 35 
39 83 87 8 43 96 32 33 29 50 67 81 10 29 45 50 7 71 1 23 
96 57 8 17 24 3 50 42 87 59 62 84 68 19 13 22 67 61 55 62 
90 39 14 11 2 67 51 11 88 44 46 64 20 29 2 22 74 33 89 88 
52 12 17 52 12 66 71 92 74 54 51 38 31 64 16 6 66 54 69 91 
35 27 32 95 91 56 98 24 8 84 79 43 38 31 12 82 37 67 82 80 
19 54 72 31 16 30 60 3 52 6 78 69 96 36 2 50 5 48 27 45 
82 44 11 59 45 11 57 62 36 11 9 87 35 98 35 52 92 77 42 36 
74 96 22 45 71 64 8 28 26 2 85 91 8 76 22 20 8 69 94 96 
84 57 28 46 54 46 15 32 33 56 3 7 57 84 70 95 80 75 82 25 
21 9 65 85 45 84 23 46 1 13 22 72 15 42 28 15 44 17 48 81 
25 24 62 18 88 25 56 83 62 4 1 69 27 15 82 58 78 81 74 85 
98 6 74 94 75 74 40 60 13 51 71 30 77 81 83 99 97 96 7 53 
79 68 52 57 84 56 16 68 43 83 11 53 12 72 72 78 69 68 40 8 
32 50 6 19 85 30 43 84 46 64 76 29 9 18 68 15 4 61 43 78 
60 17 83 30 22 92 3 60 53 81 85 51 82 67 12 8 64 51 93 35 
37 54 81 55 84 47 60 68 67 82 100 8 4 16 81 33 18 34 80 88 
35 12 6 48 11 53 38 5 84 97 1 51 36 50 1 56 58 23 16 44 
20 94 50 22 73 19 77 36 18 61 13 62 79 30 15 93 71 78 62 66 
31 64 76 24 51 55 40 2 2 89 36 32 85 29 86 68 45 75 88 20 
80 22 37 31 100 14 68 73 82 2 91 31 14 83 4 82 60 69 35 50 
43 57 33 86 16 49 27 43 89 72 5 62 66 29 52 21 31 85 34 12 
35 78 25 20 61 99 56 53 74 45 13 73 58 21 30 100 74 95 57 93 
93 5 69 36 5 13 51 82 64 34 24 30 24 50 29 5 52 59 37 61 
8 27 98 21 79 74 95 56 54 78 84 11 64 43 94 20 64 30 89 4 
39 62 95 83 79 85 26 39 86 88 41 98 15 18 11 32 58 23 41 12 
54 24 49 9 64 97 78 85 17 29 46 1 84 77 81 56 69 39 1 20 
21 81 99 52 15 79 95 57 98 78 90 51 76 17 15 48 3 83 24 70 
34 82 71 64 46 94 65 67 61 62 68 2 95 12 91 48 35 58 94 27 
93 23 49 57 93 38 78 66 86 27 21 49 92 48 99 100 26 2 36 33 
97 92 69 15 1 54 42 72 37 62 45 28 85 19 27 81 45 87 95 89 
29 27 60 25 71 16 98 67 80 64 64 38 19 25 8 77 19 97 83 77 
51 55 11 91 71 65 86 5 76 87 49 23 40 55 85 34 55 61 96 4 
80 49 32 63 40 14 15 82 80 1 30 84 10 62 52 60 35 71 61 12 
2 87 52 90 78 92 12 12 27 84 86 67 86 36 96 22 76 70 84 80 
42 29 8 43 54 27 88 35 80 46 69 46 6 94 45 61 56 26 74 59 
13 76 83 24 14 10 29 29 47 63 2 30 39 58 84 72 23 85 68 24 
32 84 1 55 41 5 95 88 6 48 78 75 3 86 36 63 59 95 46 63 
41 82 86 12 32 36 6 86 61 33 3 91 97 77 61 52 67 71 34 6 
48 62 45 92 26 86 16 52 46 58 39 99 81 77 79 49 1 17 35 32 
79 86 66 76 40 97 33 43 8 41 50 1 86 78 6 75 14 39 95 43 
11 71 48 51 33 56 53 87 9 64 6 28 30 21 88 39 45 19 10 41 
96 47 100 40 80 77 69 54 2 66 69 1 14 83 22 58 91 15 9 81 
42 15 35 49 66 70 65 88 11 95 99 86 62 16 95 3 5 18 54 90 
28 42 31 8 2 14 25 96 59 8 73 7 38 79 15 43 43 20 85 80 
96 82 16 87 43 65 80 23 30 95 98 80 98 40 100 61 73 28 91 5 
7 82 71 86 22 7 16 54 89 87 1 85 42 16 90 50 12 65 90 46 
3 16 40 82 25 47 92 9 77 91 42 25 10 3 87 88 38 60 57 90 
95 9 24 25 42 32 28 13 78 17 57 1 96 26 4 90 57 16 16 78 
55 82 5 92 11 99 32 34 50 33 63 27 98 79 94 70 48 79 46 78 
20 40 9 100 1 77 91 94 9 87 79 14 99 51 89 78 91 56 14 28 
9 3 76 41 99 52 16 6 92 76 9 87 53 15 67 4 93 96 44 20 
3 23 77 43 84 54 76 51 34 43 37 87 85 81 11 36 35 33 17 67 
29 20 56 71 96 10 14 87 69 16 87 23 61 44 39 43 44 25 32 15 
60 31 30 45 36 24 64 52 49 25 57 71 1 78 7 66 70 20 26 42 
81 80 20 22 44 32 88 69 61 33 97 3 24 69 84 52 71 24 8 62 
20 86 20 49 34 27 27 39 67 93 80 10 65 37 24 43 48 20 40 97 
40 29 57 45 88 8 87 38 54 52 30 100 27 60 91 17 9 51 22 88 
47 74 39 14 77 75 55 69 73 3 75 14 5 62 47 10 78 50 88 53 
32 17 90 36 55 24 78 39 94 5 15 12 10 27 35 57 61 89 83 84 
86 31 98 94 100 63 4 95 63 87 94 24 79 2 65 72 92 38 83 59 
8 53 3 75 87 7 89 61 44 19 86 76 97 12 13 56 88 98 17 63 
79 8 45 30 13 64 6 42 62 21 40 73 25 37 28 5 51 63 88 97 
43 74 91 25 44 11 46 36 19 75 19 73 61 85 5 1 79 2 45 76 
24 18 8 93 39 66 13 99 74 63 44 49 26 74 34 48 8 84 91 87 
95 79 22 23 23 17 3 12 5 89 91 76 12 96 43 43 27 95 22 47 
68 70 65 85 17 10 64 59 69 10 99 43 73 34 44 72 71 29 27 87 
6 69 63 37 88 48 30 67 57 50 68 78 13 100 88 21 55 83 72 71 
14 93 18 85 29 67 87 11 58 100 59 70 84 29 93 55 25 22 44 89 
81 31 38 84 56 98 44 57 6 64 31 96 97 95 57 13 90 19 94 66 
32 3 13 49 93 98 26 94 95 25 94 14 38 15 33 22 18 64 58 73 
80 38 87 47 8 65 51 76 42 33 90 60 49 98 60 96 42 75 49 78 
73 85 78 32 53 50 31 46 55 21 84 1 46 57 2 66 8 82 68 36 
51 62 74 49 100 4 4 67 59 69 62 3 73 92 94 13 39 59 22 82 
95 82 5 85 60 16 84 63 29 76 33 71 6 2 26 21 10 65 38 99 
24 63 73 93 9 23 66 11 25 39 10 80 30 86 94 21 61 19 11 13 
70 71 1 43 15 16 2 96 47 14 89 10 4 14 43 72 34 81 76 28 
66 25 69 98 28 30 61 86 11 44 81 55 5 16 20 62 73 80 39 95 
7 43 74 69 21 17 35 64 4 23 42 82 97 66 29 51 88 66 69 70 
56 4 1 63 36 47 3 54 94 11 48 100 30 31 39 61 81 45 97 25 
43 4 4 75 77 9 21 91 51 37 14 19 97 62 88 76 8 95 21 93 
80 61 22 64 88 87 62 16 9 42 18 76 46 26 64 54 83 51 30 2 
57 44 85 87 86 48 37 30 1 77 74 38 16 29 63 36 56 71 79 84 
21 27 65 3 11 89 20 83 79 56 11 99 18 46 65 16 31 66 56 29 
31 4 59 93 78 84 53 98 15 38 52 96 48 93 55 91 72 82 99 46 
49 99 68 64 81 23 66 24 55 65 98 73 86 77 31 46 26 38 52 64 
13 64 11 31 44 7 74 61 34 17 54 35 97 61 17 44 64 17 65 53 
7 65 57 98 17 20 42 1 39 73 94 80 38 18 75 51 47 42 96 28 
36 65 36 30 78 29 51 52 21 90 92 86 20 25 12 4 53 48 72 46 
18 84 97 92 10 92 93 67 82 81 32 7 56 51 85 27 37 68 41 98 
41 62 14 27 43 49 80 55 22 65 62 81 16 69 89 10 20 1 44 39 
97 45 75 48 8 95 9 98 2 45 4 27 52 78 88 60 51 47 27 83 
56 4 47 90 71 69 72 12 65 18 64 43 56 98 64 98 10 35 41 39 
89 73 31 15 50 74 100 17 35 32 96 84 22 17 60 41 43 63 64 41 
77 42 89 35 10 75 11 68 12 42 8 22 2 99 30 71 2 9 97 82 
38 63 39 55 26 15 23 15 46 8 60 69 56 26 80 91 64 53 45 40 
70 2 66 4 28 53 17 33 77 31 88 19 93 38 25 90 74 67 58 42 
42 63 65 4 6 50 92 31 10 19 69 89 14 96 68 91 45 96 89 10 
15 82 11 40 84 93 61 83 47 64 49 3 20 65 30 86 2 81 78 27 
92 62 35 91 70 27 25 68 79 38 49 75 24 59 33 77 83 41 71 24 
89 23 34 27 16 25 19 19 22 79 17 99 42 81 67 90 72 91 77 76 
79 23 85 63 84 85 43 39 14 70 56 75 52 84 55 25 22 92 36 39 
12 61 49 52 8 53 74 59 54 42 61 98 80 38 58 77 10 38 99 20 
52 39 59 91 23 78 12 56 18 58 2 18 89 3 10 100 29 53 39 4 
89 54 72 69 36 80 42 55 88 86 84 97 30 81 36 95 91 26 95 98 
31 86 12 88 41 100 65 81 62 6 91 66 16 59 70 39 89 17 92 64 
4 58 74 95 65 71 24 41 84 39 62 74 83 85 10 86 55 45 37 41 
15 40 68 13 17 50 40 7 100 24 69 36 51 38 10 20 22 58 65 52 
98 22 32 23 8 98 13 10 60 14 46 14 88 22 92 86 38 6 97 89 
81 17 83 70 57 33 59 62 64 97 54 80 65 98 14 71 99 14 20 58 
85 45 77 46 60 29 23 83 96 37 17 80 68 89 21 32 85 76 81 28 
30 53 24 9 89 56 83 21 63 92 39 60 28 65 69 67 37 44 3 42 
79 32 36 62 13 36 80 53 5 22 36 69 83 62 89 91 41 99 7 93 
34 69 59 50 25 60 94 24 73 60 18 61 79 49 23 62 23 29 71 94 
51 52 9 23 72 35 40 42 30 28 14 91 26 53 79 18 50 3 84 9 
77 72 100 42 56 32 1 57 92 17 14 17 32 1 12 77 1 57 14 78 
36 99 97 67 8 91 39 62 9 29 68 65 45 53 23 48 5 13 95 41 
98 15 9 15 92 34 51 95 90 87 93 79 39 23 7 54 72 43 32 41 
16 59 1 18 93 51 41 42 27 51 88 87 73 88 1 16 42 35 100 97 
82 58 35 94 59 5 61 2 94 39 21 47 17 8 100 11 88 17 53 22 
58 62 88 55 7 68 77 77 100 11 86 47 71 77 80 33 15 40 97 76 
34 80 86 71 65 13 8 32 51 12 36 51 6 51 71 18 35 62 37 56 
52 31 70 93 39 93 42 41 100 45 21 92 7 17 16 3 79 37 33 22 
58 71 45 53 47 18 38 62 16 54 62 42 55 82 38 31 19 26 47 63 
74 63 65 11 18 32 9 34 53 65 43 99 37 3 44 56 24 14 84 60 
63 34 7 92 33 49 40 9 35 3 3 74 69 59 20 79 87 85 16 84 
45 41 67 36 68 55 45 20 54 52 65 33 8 63 72 25 82 35 20 20 
58 96 92 81 85 24 9 26 22 77 22 74 52 96 28 17 19 20 5 1 
57 67 2 16 35 48 6 60 1 69 81 42 18 83 8 94 57 40 15 27 
19 84 33 22 10 23 14 79 9 25 23 56 53 20 74 92 47 98 32 19 
60 71 55 100 25 77 59 16 95 76 15 73 89 85 60 81 55 37 38 4 
79 43 12 7 70 58 21 63 38 100 86 85 61 84 6 3 16 41 27 86 
73 62 47 74 37 37 27 35 58 43 7 94 89 18 62 75 99 90 16 12 
18 44 81 74 13 8 55 41 43 69 78 10 72 18 47 21 84 35 7 33 
65 36 25 27 19 37 7 49 74 48 21 34 16 66 75 69 28 36 21 88 
46 69 83 55 7 51 41 18 99 52 79 89 86 5 25 69 68 25 63 11 
61 19 63 79 84 39 7 52 53 16 80 99 16 54 63 25 32 98 55 53 
13 95 35 53 6 26 98 67 58 81 84 83 65 83 63 42 57 11 90 2 
74 87 40 9 34 12 13 20 69 83 72 66 5 85 80 3 41 66 32 48 
91 82 8 79 26 78 35 35 61 69 86 100 9 14 70 8 1 70 9 40 
43 21 5 41 74 13 29 53 82 86 12 58 28 7 51 49 55 93 58 86 
70 78 30 56 15 17 2 95 30 28 3 17 50 48 28 46 41 81 42 77 
55 1 77 56 81 13 67 75 66 19 37 4 81 6 6 47 88 39 90 90 
32 32 96 16 54 65 79 33 78 90 24 89 54 16 3 50 82 28 30 39 
41 26 2 79 78 95 43 49 55 48 56 25 98 95 95 99 91 56 54 34 
45 58 26 96 76 30 22 32 82 23 55 84 1 14 51 88 28 100 76 39 
18 73 79 16 3 76 20 95 64 100 12 34 53 73 40 6 57 64 63 42 
86 75 35 58 2 8 8 19 21 43 26 23 79 62 4 95 48 5 40 1 
50 98 5 59 36 62 74 27 1 61 49 68 86 67 41 37 35 20 87 45 
99 57 19 74 43 22 65 74 49 86 30 75 25 10 17 26 44 62 13 63 
83 26 65 50 26 60 21 65 98 53 2 20 91 81 61 65 54 50 64 50 
46 100 78 11 37 51 57 96 50 49 84 86 13 51 21 41 70 85 39 82 
89 4 61 82 45 95 40 99 24 70 25 33 27 99 85 31 2 93 96 47 
46 74 28 100 37 19 28 75 70 15 32 32 45 24 98 81 61 21 82 79 
68 24 39 84 71 74 30 29 75 37 66 5 7 93 64 41 40 39 19 73 
93 97 19 19 2 90 11 19 62 85 29 75 72 19 18 80 7 62 1 60 
46 35 64 81 35 40 56 77 41 74 60 100 32 20 61 84 36 33 92 15 
22 91 68 22 22 45 78 11 88 70 67 44 41 66 9 30 44 84 76 77 
66 81 42 6 63 44 96 29 26 14 59 65 35 80 28 52 11 55 88 19 
79 47 39 36 89 35 53 62 7 7 13 71 37 39 49 57 50 72 46 59 
85 45 94 52 14 4 52 97 66 56 51 58 75 80 9 90 57 65 40 64 
80 97 98 61 87 17 33 100 8 13 7 43 66 65 72 6 95 18 60 88 
53 13 27 70 83 34 45 57 15 9 47 76 75 46 71 41 80 79 35 62 
7 50 17 15 55 2 66 74 61 54 48 92 38 17 40 74 30 81 96 21 
1 6 5 18 19 89 89 77 52 72 27 93 69 76 98 45 8 46 7 84 
90 18 29 2 27 13 11 5 69 96 85 67 24 57 11 58 98 2 15 27 
43 40 7 16 3 54 82 96 55 70 87 12 72 19 90 47 90 72 52 85 
100 32 49 41 96 50 24 84 46 2 61 57 92 17 37 11 73 57 7 31 
58 45 30 87 20 16 96 19 40 23 69 45 47 48 2 92 33 32 96 60 
88 77 48 58 80 24 36 2 59 97 63 52 18 61 53 15 34 63 57 14 
56 50 100 37 49 77 39 100 19 72 7 7 32 58 42 90 56 76 25 97 
28 93 49 54 3 34 99 21 34 32 32 89 88 96 76 25 36 58 61 78 
41 65 34 51 73 18 22 40 1 43 47 52 37 74 6 29 21 37 8 77 
23 28 50 2 54 93 21 25 22 40 86 36 24 96 12 77 29 100 9 38 
6 21 74 39 94 7 25 41 48 34 81 8 30 3 25 75 47 67 92 2 
76 79 73 52 65 40 73 82 66 25 73 35 94 95 42 82 27 33 2 82 
27 44 81 16 64 12 48 62 55 63 100 30 18 34 62 68 57 30 78 76 
73 85 57 87 92 77 80 49 16 3 17 44 12 48 32 55 90 84 19 21 
10 56 26 42 55 9 70 26 71 58 14 21 94 47 54 51 97 30 79 93 
61 6 59 51 17 45 19 27 95 90 50 34 43 72 72 78 81 82 23 64 
10 35 97 27 52 19 62 41 77 15 91 48 49 37 27 27 99 64 21 18 
50 75 34 91 55 31 73 35 78 34 96 92 45 1 40 20 33 82 99 78 
68 11 97 68 89 37 70 60 49 20 14 59 42 58 7 7 87 10 54 51 
11 28 6 81 53 18 46 75 35 60 21 78 9 59 4 47 5 50 74 39 
97 54 35 1 20 32 47 66 45 77 40 84 100 57 15 99 50 3 83 48 
47 48 63 94 78 54 84 71 13 59 10 82 5 98 47 42 12 97 48 52 
5 91 48 8 53 32 98 50 16 71 79 79 9 51 9 4 21 49 34 2 
76 61 55 11 10 39 78 29 2 24 45 77 85 65 90 77 93 95 8 38 
70 84 91 23 81 44 47 58 19 24 13 54 84 19 71 76 48 58 12 58 
94 98 55 89 99 6 72 30 69 2 40 27 69 2 38 50 42 80 86 34 
92 10 9 22 39 10 56 27 27 90 2 41 11 38 37 100 5 79 64 19 
14 15 2 53 74 6 33 80 61 51 5 78 95 99 7 18 70 13 61 46 
22 96 55 70 30 9 27 90 57 35 61 11 9 67 82 48 43 4 83 15 
23 56 32 69 54 45 14 65 53 85 43 83 83 59 80 57 79 78 9 35 
15 87 24 60 97 69 45 8 76 23 24 4 34 36 71 14 63 49 70 41 
88 22 40 85 92 24 72 27 10 90 12 11 77 71 68 97 69 2 66 98 
75 83 20 15 86 70 39 59 55 78 7 5 58 27 68 64 34 54 63 86 
23 28 39 95 10 78 77 6 68 57 65 12 10 66 96 64 93 47 31 75 
30 86 58 61 4 77 85 32 1 6 73 59 41 85 42 57 81 25 91 52 
27 32 11 79 91 1 39 48 85 62 88 6 59 17 74 34 50 55 29 32 
17 60 23 83 74 61 82 75 31 51 51 13 30 99 11 60 28 19 65 45 
16 84 57 20 52 40 44 26 72 22 51 42 45 87 88 80 48 59 98 83 
36 57 52 86 49 35 89 13 33 66 83 53 24 56 70 93 15 83 78 26 
70 77 12 38 18 16 12 20 80 96 10 55 39 94 23 15 40 28 78 96 
92 82 32 14 65 63 31 25 33 29 50 2 60 25 50 26 72 98 28 21 
69 55 47 25 26 43 50 61 14 69 89 68 60 100 76 58 53 61 29 20 
54 18 64 39 77 45 83 47 43 10 35 53 41 1 16 31 47 8 51 34 
68 95 78 16 24 8 44 92 18 49 59 15 98 16 82 71 82 62 39 5 
75 83 89 31 98 2 1 8 23 80 38 23 19 45 14 30 45 49 59 7 
46 100 62 8 57 77 98 16 15 36 93 73 79 78 79 54 6 32 3 20 
46 43 13 73 36 36 8 29 87 60 69 45 71 25 24 32 54 49 96 68 
8 34 29 53 69 7 15 72 75 10 28 67 44 42 14 3 10 55 52 69 
82 68 23 61 86 13 11 20 86 1 26 45 76 69 75 82 63 9 12 48 
5 58 31 81 81 73 37 52 84 67 14 98 65 90 24 27 66 23 31 70 
21 60 30 10 89 20 76 61 14 81 3 94 54 9 41 58 24 60 68 10 
53 76 75 4 10 2 8 63 77 92 38 44 59 12 80 38 69 48 47 24 
82 74 90 38 24 66 4 62 10 13 29 44 98 25 26 67 91 67 71 37 
33 60 30 36 8 30 74 59 93 84 56 69 58 1 64 92 45 10 7 53 
15 7 99 74 91 67 72 71 89 73 6 37 39 78 87 76 39 48 74 84 
21 65 75 63 7 61 50 16 27 92 14 59 47 68 19 68 20 93 92 97 
83 69 64 63 83 34 59 91 1 58 67 69 69 39 61 34 62 47 94 83 
38 41 38 40 54 80 92 42 24 4 46 91 27 59 25 63 9 94 84 5 
74 3 70 58 40 57 46 13 93 6 10 19 96 57 34 21 83 20 14 28 
1 39 38 98 40 2 66 38 45 95 69 10 10 24 29 71 19 16 36 62 
73 47 70 29 40 15 3 24 24 88 13 74 97 47 85 31 49 83 22 34 
6 16 75 61 29 81 51 84 18 47 89 76 77 66 9 38 29 63 87 75 
63 75 42 76 49 16 46 32 79 45 94 49 61 75 65 84 22 61 69 49 
29 27 36 79 51 82 55 12 8 58 80 60 29 94 84 82 9 73 93 79 
62 89 40 25 66 32 87 99 19 72 13 39 100 39 58 31 45 76 100 77 
77 64 14 69 13 17 48 52 84 54 11 78 65 3 14 28 61 56 29 92 
46 16 74 36 99 72 73 56 44 15 61 63 84 84 3 52 85 38 4 63 
4 73 27 71 26 34 68 32 10 19 64 16 40 82 4 77 77 89 51 11 
4 92 52 92 36 63 37 31 11 48 54 9 79 43 81 29 51 55 44 63 
24 4 67 55 68 21 84 47 11 95 4 18 49 90 16 63 91 21 19 57 
64 85 26 96 46 91 89 92 49 93 48 96 72 67 67 29 40 2 21 44 
93 70 87 98 6 18 54 91 91 49 30 78 84 54 74 50 57 14 16 63 
100 37 47 54 43 70 30 87 30 24 19 50 3 29 4 72 40 40 32 42 
1 79 61 10 83 10 16 9 84 87 70 12 88 26 70 11 42 83 6 75 
52 5 11 96 72 69 99 90 87 75 9 95 73 20 16 69 9 70 100 95 
54 20 33 74 64 97 8 54 96 50 55 11 20 89 88 93 22 21 33 74 
51 40 38 82 74 88 43 35 77 73 28 14 12 69 39 17 86 73 77 55 
20 24 11 37 22 45 6 39 59 26 5 70 72 34 70 11 30 34 35 20 
44 16 6 17 59 28 59 41 44 71 25 98 13 28 92 35 12 65 46 77 
72 99 31 32 94 54 13 46 83 91 63 36 66 86 29 8 12 98 49 79 
35 95 25 19 60 31 57 16 48 64 18 35 77 29 72 71 96 83 39 95 
30 94 12 59 35 60 22 35 78 89 74 25 55 8 48 71 69 5 47 87 
28 83 29 85 38 80 26 34 95 30 17 82 19 52 4 1 51 42 4 34 
48 17 9 12 7 31 23 16 100 97 41 94 14 85 12 55 38 19 48 71 
79 27 74 52 85 85 17 35 77 23 23 53 33 6 75 37 97 75 76 7 
28 28 35 76 75 59 29 49 50 91 27 25 36 29 99 23 54 16 99 35 
51 51 87 56 98 19 38 58 31 9 61 5 23 93 38 41 14 49 3 91 
66 15 69 40 94 84 74 37 32 77 77 43 11 4 1 91 95 28 40 36 
86 56 26 92 35 29 96 61 9 90 50 53 30 48 57 24 12 97 49 80 
80 42 59 61 34 44 96 86 60 46 73 32 78 1 81 61 69 12 76 40 
66 42 19 87 6 57 20 89 91 28 96 57 82 24 97 63 31 91 1 54 
53 57 35 37 90 83 96 61 49 93 47 82 34 90 17 30 78 47 60 75 
68 64 49 53 38 10 19 15 20 26 2 53 81 24 4 6 76 68 7 15 
55 60 99 23 65 74 45 32 49 33 32 86 12 46 74 3 4 30 66 23 
15 52 49 60 45 12 3 65 58 9 4 98 50 82 91 100 43 25 65 95 
44 36 61 99 34 42 94 22 51 16 26 54 9 94 54 68 26 96 33 33 
65 84 13 72 51 63 35 79 59 100 7 1 71 84 57 80 77 43 98 44 
44 13 93 40 90 40 87 15 93 93 9 98 57 65 50 8 98 82 48 57 
75 11 87 16 62 44 3 2 88 61 97 84 27 36 45 81 22 93 86 27 
37 90 51 48 70 43 57 62 79 60 61 71 49 61 55 18 64 29 95 2 
20 37 35 6 36 11 1 9 1 90 11 7 69 84 64 99 71 35 12 6 
6 25 18 47 50 10 53 41 51 54 42 78 61 67 17 22 22 67 58 52 
26 82 52 42 16 47 94 3 34 17 14 28 6 44 40 83 46 11 52 60 
73 76 63 100 99 70 73 60 95 11 94 42 38 54 95 38 95 22 100 44 
65 20 28 28 33 25 90 9 76 72 85 71 43 26 22 99 97 23 34 64 
45 20 64 71 41 6 19 78 74 62 51 2 13 100 8 62 21 85 80 19 
50 24 79 49 89 45 96 6 17 93 85 94 53 49 33 35 47 1 33 62 
9 90 61 93 58 70 44 94 27 16 99 72 10 60 90 88 59 45 35 87 
25 73 44 26 51 56 11 94 36 91 72 10 7 75 25 97 83 34 48 8 
59 45 78 28 73 91 35 95 88 77 10 37 94 79 54 17 27 77 21 5 
55 17 68 18 66 88 79 27 46 51 95 37 80 13 29 43 91 58 56 26 
97 70 58 84 60 50 23 5 16 21 63 58 93 15 45 34 64 14 72 93 
37 42 89 27 72 63 76 77 16 53 63 22 62 59 5 56 66 82 20 15 
47 68 50 11 7 72 92 90 38 37 99 73 49 15 62 75 37 48 84 82 
7 95 56 69 43 85 14 13 94 96 4 84 97 9 69 86 18 5 24 30 
40 88 96 73 82 69 7 62 64 95 68 82 25 28 98 4 88 63 66 47 
58 72 67 30 63 41 92 69 93 17 50 19 13 35 16 7 100 60 79 46 
61 5 85 97 67 53 13 47 65 18 80 82 75 77 62 91 32 99 96 14 
95 37 76 95 83 23 86 10 42 37 26 73 55 18 34 47 98 94 85 67 
93 45 92 74 37 4 100 50 75 64 72 75 59 21 68 87 64 68 46 57 
13 4 61 34 96 17 31 48 57 98 31 46 45 17 14 80 100 37 93 74 
15 19 88 67 58 8 54 72 89 30 13 86 93 56 54 36 82 55 100 21 
51 6 90 18 17 78 35 54 59 83 74 81 97 25 28 74 100 2 56 4 
46 71 49 36 58 14 8 5 2 31 10 12 19 77 66 97 21 79 58 81 
12 6 42 66 17 82 81 80 61 61 24 57 7 34 97 75 60 85 16 80 
64 46 76 70 78 36 24 81 88 49 95 50 61 95 57 45 95 29 19 65 
24 98 6 86 63 29 6 71 51 6 36 81 60 47 90 12 76 23 91 17 
40 19 71 43 75 30 39 46 99 15 88 9 39 88 40 62 63 44 10 92 
18 100 19 80 37 83 57 48 65 41 87 32 15 98 89 78 29 46 37 49 
